89.09
96.06
93.57
84.37
96.81
97.0
85.53
90.87
93.52
88.8
93.25
100.12
98.41
86.75
87.81
88.86
97.82
88.6
94.17
97.47
96.86
89.05
97.37
83.88
98.28
90.57
82.78
98.48
84.6
95.07
87.37
84.84
86.02
82.97
90.17
97.06
93.58
92.12
84.34
87.29
86.95
87.05
99.15
85.37
82.87
95.95
85.7
91.2
86.73
98.01
89.85
96.82
88.92
99.09
83.1
90.48
91.48
87.23
85.34
85.95
91.25
82.47
90.44
97.37
87.2
100.35
96.5
82.2
97.79
92.3
95.03
100.61
83.61
95.08
90.72
82.23
89.78
87.56
97.09
88.38
95.49
90.57
88.35
92.15
99.22
100.53
95.29
92.38
92.29
87.46
100.31
