113.99
109.43
109.83
104.48
110.73
106.31
112.46
111.31
107.53
107.66
107.61
111.31
113.37
111.63
107.12
111.28
109.05
111.69
108.55
111.36
105.35
113.92
105.42
110.36
112.13
112.52
113.85
108.9
110.14
105.2
108.16
104.98
107.81
110.71
111.93
107.02
113.52
106.41
106.36
109.94
108.18
109.6
107.92
105.88
109.78
104.41
105.53
109.76
109.31
104.14
108.63
104.68
104.25
108.86
113.5
112.44
108.35
113.62
113.4
110.42
109.35
109.63
111.11
106.03
108.55
111.54
109.08
112.43
111.54
110.03
111.16
110.74
106.9
108.94
110.74
109.36
113.35
106.85
113.74
108.3
111.84
113.56
107.03
108.18
105.56
105.02
