81.29
77.15
83.25
86.07
83.2
82.8
87.16
84.25
86.25
77.26
82.47
82.72
81.37
78.24
78.96
86.26
85.62
79.99
80.25
81.03
81.55
87.92
83.33
82.42
85.19
77.08
87.77
81.65
80.68
82.4
81.53
79.59
81.8
85.11
80.54
78.61
83.87
84.53
86.5
79.6
79.17
86.24
82.34
81.46
82.27
86.06
85.46
81.27
82.5
80.86
78.69
85.5
81.93
77.98
84.95
85.16
81.31
80.96
87.74
83.29
77.76
79.52
77.01
82.07
83.99
79.11
80.37
87.87
82.72
77.32
80.87
84.64
80.22
82.9
78.67
80.3
80.29
79.07
85.11
87.09
79.85
82.65
77.48
82.05
84.68
82.09
80.86
86.35
77.03
87.28
80.08
