111.64
103.03
111.43
104.56
111.07
101.13
107.51
96.0
103.98
108.59
95.44
100.78
105.26
99.36
100.59
96.0
107.58
102.86
111.02
101.12
98.05
100.19
110.19
102.14
111.58
110.18
104.67
96.32
95.87
103.05
108.47
98.73
104.4
95.28
104.05
108.66
100.81
110.1
99.99
102.54
100.38
110.83
105.17
104.07
98.93
95.62
96.81
110.88
99.82
97.21
106.09
99.22
99.9
99.49
111.29
99.5
97.06
102.56
107.46
108.61
97.78
95.18
97.97
104.82
110.07
111.87
107.58
103.4
98.5
104.94
100.44
109.28
104.33
101.84
109.39
107.09
102.87
