101.73
97.75
106.73
101.42
97.47
100.66
108.35
96.61
106.41
101.8
106.78
96.05
103.03
108.13
99.03
96.74
106.24
96.77
108.63
96.03
103.91
104.86
97.84
104.67
97.16
109.63
106.22
98.65
107.01
105.65
102.34
107.59
108.39
107.57
98.76
100.07
107.31
109.72
107.33
96.29
103.95
101.45
99.23
109.53
98.13
100.13
98.44
98.0
107.81
106.16
98.75
104.74
104.21
106.03
96.53
100.97
102.42
97.82
96.84
100.83
98.26
105.61
97.9
109.08
102.91
105.54
105.46
97.83
105.87
103.16
99.72
106.68
101.52
96.09
106.75
109.63
98.47
96.27
