93.2
91.62
90.28
94.63
90.8
96.9
99.51
94.19
92.58
91.63
90.67
95.71
99.28
99.29
93.78
96.36
94.65
96.18
92.87
93.56
94.45
91.58
90.93
98.97
97.78
92.18
90.93
90.31
93.41
93.39
96.12
95.57
97.56
91.34
99.64
93.79
94.77
93.84
97.04
99.76
97.75
95.6
96.34
95.27
95.58
94.7
99.02
99.14
99.43
95.37
96.32
98.21
96.54
91.69
91.32
95.66
98.96
96.7
95.33
94.96
90.61
93.57
97.26
95.97
96.14
96.57
95.86
98.85
92.07
90.58
90.43
91.06
90.15
96.15
97.99
90.85
98.89
96.16
93.53
97.03
90.02
99.65
94.11
92.35
99.83
96.93
99.39
97.71
94.53
93.69
93.09
97.85
93.0
94.29
90.81
98.66
91.17
