106.21
114.51
110.72
115.67
115.95
101.56
106.45
103.48
105.29
114.92
100.34
111.98
108.01
110.15
115.61
114.45
109.16
101.65
99.26
114.32
111.63
109.89
100.56
110.77
110.44
105.09
101.52
110.26
100.2
105.31
105.65
103.25
117.57
117.99
109.33
100.51
107.2
113.14
100.31
113.88
101.12
105.38
99.04
114.27
103.81
115.12
105.9
107.59
105.55
113.78
113.96
113.81
115.73
115.69
106.85
100.79
112.1
110.55
111.13
101.71
111.69
113.21
110.2
117.25
109.54
105.31
115.8
109.58
115.5
112.81
117.74
107.14
103.51
107.57
111.34
112.67
101.49
109.71
117.44
100.63
105.41
117.62
113.97
107.97
108.67
110.12
116.15
108.23
107.05
100.68
101.85
112.32
100.1
110.77
104.51
113.34
100.21
102.45
105.42
110.15
