87.13
90.81
82.92
88.03
93.02
96.73
90.58
89.26
96.6
88.39
91.37
84.65
83.76
82.1
96.2
94.23
83.56
90.39
93.47
96.39
94.68
82.51
87.81
94.65
92.35
96.02
92.0
91.52
85.85
92.23
86.36
83.2
91.5
85.32
87.38
94.5
88.2
82.2
83.81
83.95
88.75
93.01
85.39
90.18
82.32
86.6
90.97
89.96
82.5
91.13
92.8
89.64
95.71
87.27
83.09
93.34
96.36
87.85
82.28
95.76
83.45
85.9
93.91
83.35
86.62
94.75
88.71
82.18
83.68
84.17
90.07
88.3
94.07
90.24
92.86
90.41
84.1
84.18
94.07
88.34
92.92
87.94
82.17
87.49
88.11
93.56
84.08
87.86
