90.93
102.0
95.6
92.74
91.92
94.59
101.16
98.04
97.37
102.28
99.54
92.24
99.48
94.31
97.78
98.92
92.19
90.48
101.3
101.05
92.82
101.22
100.02
98.44
100.11
91.71
103.47
92.05
92.63
101.16
92.99
99.61
99.78
94.73
93.49
98.07
102.46
91.83
97.46
95.86
94.9
90.61
93.43
100.08
99.18
92.97
93.37
99.49
101.87
91.05
95.92
101.34
92.91
100.9
98.72
100.69
101.59
96.47
90.38
92.96
91.77
92.24
92.18
96.22
103.37
93.77
99.88
99.29
96.19
92.25
94.78
91.22
91.29
101.78
100.06
90.83
93.28
92.75
103.0
94.19
93.65
97.57
100.98
102.02
94.48
99.01
93.16
97.41
93.27
100.77
99.74
91.6
93.3
91.42
90.4
99.65
100.12
93.47
101.3
99.34
